201 661 911
202 688 880
203 711 847
204 739 817
205 770 797
206 632 893
207 631 856
208 678 785
209 691 755
210 776 747
211 813 738
212 853 734
213 875 765
214 900 781
215 1009 863
216 1043 864
217 1075 858
218 965 738
219 991 716
220 1014 698
221 1044 684
222 995 663
223 1099 610
224 1056 614
225 978 679
226 956 647
227 935 615
228 921 577
229 920 538
230 920 501
231 909 463
232 1013 555
233 1011 521
234 1019 487
235 1078 491
236 1114 498
237 1151 486
238 580 788
239 548 778
240 540 732
241 558 697
242 567 658
243 602 641
244 700 680
245 745 673
246 771 650
247 803 635
248 854 540
249 878 514
250 887 481
251 819 459
252 782 455
253 673 458
254 635 467
255 620 501
256 603 525
257 599 556
258 522 627
259 494 644
260 396 649
261 368 657
262 349 677
263 403 612
264 391 580
265 396 541
266 394 506
267 369 477
268 313 435
269 286 423
270 262 384
271 281 348
272 283 304
273 265 273
274 281 243
275 295 262
276 317 290
277 355 309
278 333 242
279 372 242
280 403 215
281 433 187
282 456 161
283 450 122
284 466 91
285 514 108
286 535 144
287 572 147
288 599 156
289 577 190
290 565 219
291 602 222
292 540 246
293 521 308
294 545 332
295 578 349
296 614 346
297 638 397
298 639 434
299 606 457
300 574 451
301 543 456
302 523 514
303 547 532
304 565 558
305 536 569
306 501 556
307 475 533
308 452 508
309 433 484
310 397 410
