1 563 262
2 569 273 274 570
101 501 508 201 557
102 507 215
103 217 516 517
104 560 561 239 240
105 238 207 208
106 205 213
107 214 218
108 209 210 244 245
109 260 259 263
110 243 244
111 247 248
112 222 224 232
113 221 223
114 258 242 243 305 304 257
115 566 267 268
116 302 301
117 253 252
118 251 250 231
119 234 235
120 237 523 524
121 567 269 270 568
122 277 310
123 290 297 547
124 293 292
125 291 545 544
126 274 278
127 601 602
128 571 572
129 575 284 285 539
130 540 287 288 541
201 101 202
202 201 203
203 204 202
204 203 205
205 204 106
206 101 207
207 105 206
208 105 208
209 208 108
210 108 211
211 210 212
212 211 213
213 212 106 214
214 213 107
215 102 216
216 215 217
217 216 103
218 107 219
219 218 220 225
220 221 222 219
221 220 113
222 220 112
223 113 224
224 223 112
225 219 226
226 225 227
227 226 228
228 227 229
229 230 228
230 229 231
231 230 118
232 112 233
233 232 234
234 233 119
235 119 235
236 235 237
237 236 120
238 105 239
239 238 104
240 104 241
241 240 242
242 241 114
243 110 114
244 110 108
245 108 246
246 245 247
247 246 111
248 111 249
249 248 250
250 249 118
251 118 252
252 251 117
253 117 254
254 255 253 299 298
255 254 256
256 255 257
257 256 114
258 259 114
259 258 109
260 109 261
261 260 262
262 1 261
263 109 264
264 265 263
265 264 266
266 265 267
267 266 115
268 115 269
269 268 121
270 121 271
271 270 272
272 273 271
273 272 2
274 2 126 275
275 274 276
276 275 277
277 276 122
278 126 279
279 278 280
280 278 281
281 280 282
282 281 283
283 282 284
284 283 129
285 129 286
286 285 287
287 286 130
288 130 289
289 288 290
290 289 292 291
291 290 125
292 290 124
293 124 294
294 293 285
295 294 296
296 295 123
297 123 298
298 297 254
299 254 300
300 299 301
301 300 116
302 115 303
303 302 304
304 303 114
305 114 306
306 305 307
307 306 308
308 307 309
309 308 400
310 122 400
400 310 309
501 101 502
502 501 503
503 502 504
504 503 505
505 504 506
506 505 507
507 506 102
508 191 509
509 508 510
510 509 511
511 510 512
512 511 513
513 512 514
514 513 107
515 107 516
516 515 103
517 103 518
518 519 517
519 518 520
520 519 521
521 520 522
522 521 523
523 522 120
524 120 525
525 524 556 526
526 525 527
527 526 528
528 527 529
529 528 530
530 529 531
531 530 602
532 533 601
533 532 533
534 533 535
535 534 536
536 535 537
537 536 538
538 537 539
539 538 129
540 129 130
541 130 542
542 541 543
543 542 544
544 543 125
545 125 546
546 545 547
547 123 546 548
548 547 549
549 548 550
550 549 118
551 118 552
552 551 553
553 552 554
554 553 119
555 119 556
556 555 525
557 101 558
558 557 559
559 558 560
560 559 104
561 104 561
562 561 563
563 562 1
564 1 565
565 564 566
566 565 567
567 566 121
568 121 569
569 568 2
570 2 571
571 570 128
572 128 273
573 272 274
574 273 575
575 574 129
601 532 127
602 127 531