1 283 679
2 176 254
101 609 947
102 993 913
103 1116 830
104 495 770
105 634 802
106 825 783
107 947 790
108 728 724
109 439 646
110 653 654
111 834 589
112 1000 607
113 1091 664
114 573 601
115 307 479
116 502 474
117 726 449
118 868 434
119 1050 446
120 1214 498
121 234 438
122 382 355
123 662 350
124 490 263
125 651 241
126 292 195
127 932 182
128 280 90
129 501 50
130 603 101
201 661 911
202 688 880
203 711 847
204 739 817
205 770 797
206 632 893
207 631 856
208 678 785
209 691 755
210 776 747
211 813 738
212 853 734
213 875 765
214 900 781
215 1009 863
216 1043 864
217 1075 858
218 965 738
219 991 716
220 1014 698
221 1044 684
222 995 663
223 1099 610
224 1056 614
225 978 679
226 956 647
227 935 615
228 921 577
229 920 538
230 920 501
231 909 463
232 1013 555
233 1011 521
234 1019 487
235 1078 491
236 1114 498
237 1151 486
238 580 788
239 548 778
240 540 732
241 558 697
242 567 658
243 602 641
244 700 680
245 745 673
246 771 650
247 803 635
248 854 540
249 878 514
250 887 481
251 819 459
252 782 455
253 673 458
254 635 467
255 620 501
256 603 525
257 599 556
258 522 627
259 494 644
260 396 649
261 368 657
262 349 677
263 403 612
264 391 580
265 396 541
266 394 506
267 369 477
268 313 435
269 286 423
270 262 384
271 281 348
272 283 304
273 265 273
274 281 243
275 295 262
276 317 290
277 355 309
278 333 242
279 372 242
280 403 215
281 433 187
282 456 161
283 450 122
284 466 91
285 514 108
286 535 144
287 572 147
288 599 156
289 577 190
290 565 219
291 602 222
292 540 246
293 521 308
294 545 332
295 578 349
296 614 346
297 638 397
298 639 434
299 606 457
300 574 451
301 543 456
302 523 514
303 547 532
304 565 558
305 536 569
306 501 556
307 475 533
308 452 508
309 433 484
310 397 410
400 411 453
501 673 972
502 717 972
503 759 970
504 801 968
505 846 965
506 892 960
507 941 946
508 677 955
509 724 942
510 764 930
511 799 914
512 838 891
513 872 867
514 906 839
515 1016 788
516 1063 787
517 1159 779
518 1185 743
519 1206 707
520 1221 668
521 1229 631
522 1231 593
523 1228 556
524 1197 445
525 1175 418
526 1183 371
527 1178 314
528 1151 264
529 1114 233
530 1073 217
531 1035 204
532 830 105
533 797 89
534 755 69
535 711 55
536 669 49
537 629 43
538 585 40
539 552 38
540 575 58
541 658 107
542 686 133
543 697 165
544 695 207
545 700 273
546 720 316
547 718 349
548 756 354
549 797 366
550 833 385
551 904 395
552 943 379
553 979 378
554 1017 392
555 1097 408
556 1139 405
557 587 900
558 576 867
559 546 845
560 509 823
561 429 773
562 391 751
563 359 727
564 271 589
565 255 554
566 248 517
567 244 485
568 210 376
569 208 337
570 231 171
571 246 137
572 319 46
573 362 35
574 406 33
575 445 38
601 872 133
602 992 195