1   Cairo
2   Tangier
101 Cape_Guardafui
102 Tamatave
103 Cape_St_Marie
104 Suakin
105 Addis_Abeba
106 Dar_es_Salam
107 Mozambique
108 Lake_Victoria
109 Egypt
110 Bahr_el_Ghasal
111 Ocomba
112 Victoria_Falls
113 Dragon_Mountain
114 Dar-Fur
115 Tripoli
116 Ain-Galaka
117 Kandjama
118 Congo
119 Whalefish_Bay
120 Cape_Town
121 Tunis
122 Sahara
123 Slave_Coast
124 Timbuktu
125 Gold_Coast
126 Morocco
127 St_Helena
128 Canary_Islands
129 Cape_Verde
130 Sierra_Leone
201
202
203
204
205
206
207
208
209
210
211
212
213
214
215
216
217
218
219
220
221
222
223
224
225
226
227
228
229
230
231
232
233
234
235
236
237
238
239
240
241
242
243
244
245
246
247
248
249
250
251
252
253
254
255
256
257
258
259
260
261
262
263
264
265
266
267
268
269
270
271
272
273
274
275
276
277
278
279
280
281
282
283
284
285
286
287
288
289
290
291
292
293
294
295
296
297
298
299
300
301
302
303
304
305
306
307
308
309
310
400
501
502
503
504
505
506
507
508
509
510
511
512
513
514
515
516
517
518
519
520
521
522
523
524
525
526
527
528
529
530
531
532
533
534
535
536
537
538
539
540
541
542
543
544
545
546
547
548
549
550
551
552
553
554
555
556
557
558
559
560
561
562
563
564
565
566
567
568
569
570
571
572
573
574
575
601
602
