501 673 972
502 717 972
503 759 970
504 801 968
505 846 965
506 892 960
507 941 946
508 677 955
509 724 942
510 764 930
511 799 914
512 838 891
513 872 867
514 906 839
515 1016 788
516 1063 787
517 1159 779
518 1185 743
519 1206 707
520 1221 668
521 1229 631
522 1231 593
523 1228 556
524 1197 445
525 1175 418
526 1183 371
527 1178 314
528 1151 264
529 1114 233
530 1073 217
531 1035 204
532 830 105
533 797 89
534 755 69
535 711 55
536 669 49
537 629 43
538 585 40
539 552 38
540 575 58
541 658 107
542 686 133
543 697 165
544 695 207
545 700 273
546 720 316
547 718 349
548 756 354
549 797 366
550 833 385
551 904 395
552 943 379
553 979 378
554 1017 392
555 1097 408
556 1139 405
557 587 900
558 576 867
559 546 845
560 509 823
561 429 773
562 391 751
563 359 727
564 271 589
565 255 554
566 248 517
567 244 485
568 210 376
569 208 337
570 231 171
571 246 137
572 319 46
573 362 35
574 406 33
575 445 38
